1.1549606323242188
0.8333969116210938
1.860595703125
0.9009475708007812
1.964752197265625
1.0469970703125
2.069580078125
1.1657028198242188
2.1904373168945312
1.2557525634765625
2.2333908081054688
1.3485794067382812
0.40399932861328125
1.47930908203125
0.5074081420898438
1.5374984741210938
0.6244354248046875
1.6347885131835938
0.6934432983398438
1.7128143310546875
0.7604522705078125
1.8105697631835938
0.8885650634765625
1.9047164916992188
0.9681243896484375
1.998931884765625
1.0533065795898438
2.1040573120117188
1.1705322265625
2.1395416259765625
1.1594772338867188
2.27984619140625
1.3252334594726562
0.38524627685546875
1.43121337890625
0.5199203491210938
1.533172607421875
0.6016693115234375
1.5946731567382812
0.7100753784179688
1.5582656860351562
0.7559356689453125
1.7834320068359375
0.8768844604492188
1.8882827758789062
0.9421768188476562
2.0013046264648438
3.050689697265625
4.096839904785156
1.20843505859375
2.2579269409179688
3.2894668579101562
0.38838958740234375
1.4003677368164062
2.1553115844726562
3.4465255737304688
0.5826644897460938
1.586395263671875
2.6484832763671875
3.7059402465820312
0.8111953735351562
1.865692138671875
2.8872604370117188
3.9270401000976562
1.031005859375
2.0629348754882812
3.0638351440429688
4.1047821044921875
1.1839447021484375
2.2441635131835938
3.2666778564453125
0.36669921875
1.3887786865234375
2.4258804321289062
3.4696884155273438
0.6085433959960938
1.6200714111328125
2.6650009155273438
3.7247467041015625
0.8435134887695312
1.8629531860351562
2.934814453125
3.88238525390625
1.066192626953125
2.086669921875
3.144500732421875
4.18780517578125
1.3268051147460938
2.3581314086914062
3.3846588134765625
0.5165863037109375
1.5831527709960938
2.628570556640625
3.6692428588867188
0.849090576171875
1.9006195068359375
2.9689712524414062
4.000457763671875
1.0879364013671875
2.0907669067382812
3.1352996826171875
4.180206298828125
1.3082656860351562
2.3517074584960938
3.3728713989257812
0.4875946044921875
1.472503662109375
2.5405426025390625
3.5532455444335938
0.685943603515625
1.7148208618164062
2.7596664428710938
3.794281005859375
0.904876708984375
1.9533309936523438
2.9905624389648438
4.019126892089844
1.1812744140625
2.1911773681640625
3.24481201171875
0.38787078857421875
1.431121826171875
2.4409027099609375
3.475921630859375
0.6018600463867188
1.6446533203125
2.6540069580078125
3.696746826171875
0.819244384765625
1.8493270874023438
2.8819046020507812
3.9217910766601562
1.0427627563476562
2.0658035278320312
3.0956878662109375
4.171112060546875
1.282623291015625
2.3267745971679688
3.3389892578125
0.45539093017578125
1.4815597534179688
2.5398178100585938
3.5857315063476562
0.741943359375
1.7429580688476562
2.733856201171875
3.8098068237304688
0.7833251953125
1.9681243896484375
3.0456085205078125
4.0609283447265625
1.1845169067382812
2.2057952880859375
3.2521209716796875
4.266639709472656
1.3994064331054688
2.4279861450195312
3.476409912109375
0.6192550659179688
1.6931533813476562
2.7278060913085938
3.7727890014648438
0.893157958984375
1.7653045654296875
2.9442901611328125
3.991424560546875
1.1047744750976562
2.1043319702148438
3.1584930419921875
4.204734802246094
1.292816162109375
2.3087921142578125
3.3148880004882812
0.4341278076171875
1.485687255859375
2.508270263671875
3.5238571166992188
0.6790237426757812
1.7057952880859375
2.7285842895507812
3.746490478515625
0.9259414672851562
1.955963134765625
2.9937667846679688
4.0458984375
1.160308837890625
2.1744766235351562
3.2372512817382812
4.278953552246094
1.4277496337890625
2.4522857666015625
3.4817581176757812
0.5738525390625
1.627838134765625
2.6462478637695312
3.67431640625
0.76202392578125
1.7834548950195312
2.8161468505859375
3.851898193359375
1.0213165283203125
2.0616073608398438
3.0795516967773438
4.1402740478515625
1.2327194213867188
2.2831649780273438
3.3159408569335938
0.43183135986328125
1.4561767578125
2.4739990234375
3.511383056640625
0.6467971801757812
1.6791915893554688
2.732513427734375
3.7819290161132812
0.898193359375
1.9052734375
2.9385528564453125
3.9863052368164062
1.1441650390625
2.1753768920898438
3.1915512084960938
4.218849182128906
1.3767776489257812
2.3686447143554688
3.4509963989257812
0.5927658081054688
1.637603759765625
2.6879348754882812
3.73291015625
0.83575439453125
1.918212890625
2.9384918212890625
3.9770736694335938
1.1121139526367188
2.1273574829101562
3.1386871337890625
4.2000732421875
1.3352127075195312
2.3957748413085938
3.4545669555664062
0.5680160522460938
1.603424072265625
2.66021728515625
3.5743484497070312
0.8143310546875
1.8319015502929688
2.8995819091796875
3.92645263671875
1.0657272338867188
2.1184768676757812
3.1519393920898438
4.2001953125
1.3126296997070312
2.3380203247070312
3.3729476928710938
0.457672119140625
1.5206832885742188
2.5548782348632812
3.5825347900390625
0.6925811767578125
1.7092742919921875
2.7651596069335938
3.828216552734375
0.9384231567382812
1.9727401733398438
3.0160675048828125
4.0628662109375
1.1446609497070312
2.1921615600585938
3.2444000244140625
4.29095458984375
1.3644943237304688
2.4170989990234375
3.4230270385742188
0.551971435546875
1.5872802734375
2.5921401977539062
3.6669692993164062
0.8310775756835938
1.875396728515625
2.8886260986328125
3.9527969360351562
1.0610580444335938
2.1039886474609375
3.1551666259765625
4.20233154296875
1.352325439453125
2.3414154052734375
3.4010391235351562
0.5360336303710938
1.589630126953125
2.6368942260742188
3.6641921997070312
0.7699203491210938
1.7915878295898438
2.8431549072265625
3.8892364501953125
0.9921722412109375
2.0801239013671875
3.09881591796875
4.1350860595703125
1.234649658203125
2.2760467529296875
3.31304931640625
0.41468048095703125
1.4435653686523438
2.45819091796875
3.478912353515625
0.6441802978515625
1.6835708618164062
2.732666015625
3.7390365600585938
0.8695602416992188
1.8859939575195312
2.9449691772460938
3.9555435180664062
1.1094741821289062
2.1409225463867188
3.2012710571289062
4.226310729980469
1.3640060424804688
2.3538284301757812
3.4182586669921875
0.5332183837890625
1.5737991333007812
2.6246566772460938
3.6491165161132812
0.7458648681640625
1.7907257080078125
2.8135757446289062
3.849334716796875
0.95343017578125
1.9757919311523438
2.9945144653320312
4.041526794433594
1.1612472534179688
2.21270751953125
3.229034423828125
4.288299560546875
1.4084548950195312
2.44976806640625
3.48828125
0.6327896118164062
1.6572113037109375
2.6852264404296875
3.7123336791992188
0.8157806396484375
1.8241958618164062
2.869781494140625
3.9275970458984375
1.0283432006835938
2.0705337524414062
3.1166915893554688
4.1939544677734375
1.3106918334960938
2.3287200927734375
3.3750152587890625
0.49777984619140625
1.53070068359375
2.5137176513671875
3.6220932006835938
0.76971435546875
1.8104629516601562
2.8572616577148438
3.9185714721679688
1.068939208984375
2.07794189453125
3.0976943969726562
4.130287170410156
1.2319793701171875
2.2830734252929688
3.3112640380859375
0.46222686767578125
1.4776687622070312
2.5181884765625
3.5290145874023438
0.6516342163085938
1.695892333984375
2.7294845581054688
3.7711868286132812
0.9214096069335938
1.929534912109375
2.9859695434570312
4.010337829589844
1.1136856079101562
2.1668319702148438
3.2047042846679688
4.1490631103515625
1.3493728637695312
2.3775787353515625
3.3985595703125
0.5343399047851562
1.5771408081054688
2.6254806518554688
3.6657485961914062
0.8140869140625
1.843505859375
2.8865509033203125
3.9429550170898438
1.0630569458007812
2.0833587646484375
3.115814208984375
4.164115905761719
1.2550735473632812
2.2957763671875
3.30999755859375
0.43369293212890625
1.4662704467773438
2.481536865234375
3.5225906372070312
0.6187973022460938
1.652496337890625
2.674041748046875
3.6822586059570312
0.8254470825195312
1.846588134765625
2.8907012939453125
3.9428558349609375
1.0870513916015625
2.0882492065429688
3.131683349609375
4.167427062988281
1.2909622192382812
2.328460693359375
3.3542861938476562
0.4458770751953125
1.5016250610351562
2.5129318237304688
3.5489959716796875
0.6576995849609375
1.7024002075195312
2.7196426391601562
3.7950897216796875
0.9249343872070312
1.9452667236328125
3.0128250122070312
4.047698974609375
1.1398391723632812
2.18927001953125
3.2338104248046875
4.2666473388671875
1.390625
2.4339447021484375
3.4449691772460938
0.5811767578125
1.589874267578125
2.6444015502929688
3.6477890014648438
0.79345703125
1.8073883056640625
2.8578033447265625
3.86962890625
0.98760986328125
2.038909912109375
3.069122314453125
4.131134033203125
1.2672805786132812
2.2720794677734375
3.3239517211914062
0.4208984375
1.4411468505859375
2.4886245727539062
3.5455093383789062
0.6405105590820312
1.6777572631835938
2.7056427001953125
3.7441177368164062
0.8312301635742188
1.8927459716796875
2.94024658203125
3.9870834350585938
1.102630615234375
2.1390838623046875
3.1616897583007812
4.207267761230469
1.2876510620117188
2.33074951171875
3.3499832153320312
0.498138427734375
1.4928207397460938
2.5569686889648438
3.5538253784179688
0.7114410400390625
1.7557296752929688
2.802703857421875
3.8447113037109375
0.9729537963867188
1.99310302734375
3.0315780639648438
4.079185485839844
1.20904541015625
2.2562255859375
3.2897872924804688
4.331626892089844
1.4860458374023438
2.4921340942382812
3.5180130004882812
0.6036911010742188
1.6576004028320312
2.685699462890625
3.7305908203125
0.831451416015625
1.8657608032226562
2.8913726806640625
3.9460372924804688
1.0230178833007812
2.0769424438476562
3.08758544921875
4.1113433837890625
1.23358154296875
2.2734909057617188
3.3033676147460938
0.4182891845703125
1.4109420776367188
2.4557952880859375
3.4952239990234375
0.6063690185546875
1.611541748046875
2.648468017578125
3.6799468994140625
0.785400390625
1.8059539794921875
2.8521881103515625
3.86163330078125
0.96856689453125
1.976593017578125
3.03863525390625
4.058036804199219
1.17388916015625
2.2229156494140625
3.2502593994140625
4.281494140625
1.3704147338867188
2.3897857666015625
3.4546279907226562
0.5167465209960938
1.5566940307617188
2.603515625
3.6561050415039062
0.7844390869140625
1.822662353515625
2.832763671875
3.8737564086914062
0.9657058715820312
1.9786911010742188
3.0057296752929688
4.036872863769531
1.1513137817382812
2.1905288696289062
3.2259140014648438
4.286537170410156
1.3774185180664062
2.42144775390625
3.46240234375
0.6075897216796875
1.6502532958984375
2.6921463012695312
3.7003631591796875
0.8197860717773438
1.827392578125
2.8603134155273438
3.8912506103515625
1.006561279296875
2.0133514404296875
3.0488433837890625
4.068687438964844
1.1886215209960938
2.2427215576171875
3.26226806640625
4.297760009765625
1.3995590209960938
2.4330520629882812
3.4610443115234375
0.5595245361328125
1.583953857421875
2.5956344604492188
3.6503219604492188
0.7798843383789062
1.8166656494140625
2.8558425903320312
3.87652587890625
0.99603271484375
2.0493087768554688
3.090972900390625
4.142158508300781
1.2578811645507812
2.3010025024414062
3.32781982421875
0.43073272705078125
1.4616928100585938
2.521148681640625
3.5363082885742188
0.6681594848632812
1.6892929077148438
2.7534408569335938
3.7650909423828125
0.8707809448242188
1.9062423706054688
2.94891357421875
3.9969711303710938
1.103302001953125
2.1295089721679688
3.1756820678710938
4.189186096191406
1.3392868041992188
2.3902740478515625
3.4232330322265625
0.5389938354492188
1.5754241943359375
2.5885772705078125
3.6446914672851562
0.7201614379882812
1.738006591796875
2.7911453247070312
3.8394851684570312
0.910247802734375
1.9563522338867188
2.9813461303710938
4.006370544433594
1.0927047729492188
2.1563339233398438
3.1994094848632812
4.2392578125
1.3144302368164062
2.3645858764648438
3.378143310546875
0.5057220458984375
1.568511962890625
2.609832763671875
3.6578521728515625
0.759613037109375
1.7769241333007812
2.8117904663085938
3.8362045288085938
0.973175048828125
2.0134124755859375
3.0806808471679688
4.1188812255859375
1.2395706176757812
2.28125
3.303955078125
4.3389739990234375
1.4518966674804688
2.4913711547851562
3.5341033935546875
0.655853271484375
1.6836471557617188
2.7450103759765625
3.7950363159179688
0.9046173095703125
1.9278106689453125
2.9970550537109375
4.034202575683594
1.1660919189453125
2.2108535766601562
3.1895370483398438
4.2761077880859375
1.359283447265625
2.4013214111328125
3.4246673583984375
0.5650711059570312
1.5697784423828125
2.6366958618164062
3.67578125
0.7733993530273438
1.796478271484375
2.8433685302734375
3.8888473510742188
1.0423812866210938
2.0651397705078125
3.1255416870117188
4.154548645019531
1.3080215454101562
2.3538284301757812
3.3874588012695312
0.519195556640625
1.5721359252929688
2.6147232055664062
3.684814453125
0.7768020629882812
1.8413009643554688
2.8416976928710938
3.878082275390625
0.975616455078125
2.0239334106445312
3.0391693115234375
4.12017822265625
1.1800994873046875
2.2402191162109375
3.2407913208007812
4.301063537597656
1.4457473754882812
2.5175552368164062
3.5355987548828125
0.6295928955078125
1.6557769775390625
2.7083663940429688
3.7161026000976562
0.84661865234375
1.8789520263671875
2.9252548217773438
3.9226455688476562
1.0706710815429688
2.11724853515625
3.1473617553710938
4.1746368408203125
1.2861175537109375
2.3348617553710938
3.3636398315429688
0.45858001708984375
1.5076141357421875
2.5366439819335938
3.5850143432617188
0.7420730590820312
1.769317626953125
2.7968826293945312
3.8339614868164062
0.9406585693359375
1.9595870971679688
3.0302734375
4.0449066162109375
1.184844970703125
2.2384414672851562
3.2772140502929688
4.305625915527344
1.4359588623046875
2.487060546875
3.5028305053710938
0.6531906127929688
1.6942977905273438
2.73846435546875
3.7593307495117188
0.8580322265625
1.915008544921875
2.9783859252929688
4.027305603027344
1.1374588012695312
2.1838607788085938
3.2146453857421875
4.2517852783203125
1.3921432495117188
2.4282913208007812
3.473846435546875
0.593780517578125
1.6712646484375
2.6762542724609375
3.7510223388671875
0.8776016235351562
1.9133148193359375
2.96185302734375
3.9961624145507812
1.124786376953125
2.1895370483398438
3.2065887451171875
4.242279052734375
1.3272933959960938
2.3756256103515625
3.4077529907226562
0.52825927734375
1.5569915771484375
2.5975494384765625
3.6128005981445312
0.7468948364257812
1.8017196655273438
2.8336410522460938
3.890838623046875
1.011566162109375
2.0645599365234375
3.1588287353515625
4.155426025390625
1.3095550537109375
2.3585357666015625
3.4054718017578125
0.494049072265625
1.5171966552734375
2.5421218872070312
3.5901947021484375
0.6985397338867188
1.7468643188476562
2.7984161376953125
3.815826416015625
0.9506149291992188
1.9849777221679688
2.99139404296875
4.059486389160156
1.1418838500976562
2.1636962890625
3.2063522338867188
4.250556945800781
1.3926773071289062
2.4449462890625
3.4681472778320312
0.5757217407226562
1.5988082885742188
2.6359939575195312
3.6545562744140625
0.7863845825195312
1.7870635986328125
2.86663818359375
3.91119384765625
1.0342788696289062
2.0877532958984375
3.122772216796875
4.1862640380859375
1.3333663940429688
2.3444595336914062
3.412200927734375
0.5341796875
1.5860366821289062
2.62652587890625
3.6663894653320312
0.7510528564453125
1.8053512573242188
2.8022384643554688
3.8667449951171875
0.9397964477539062
1.974090576171875
3.007720947265625
4.0609893798828125
1.1792068481445312
2.2047195434570312
3.2158432006835938
4.30072021484375
1.4048690795898438
2.4392013549804688
3.4914169311523438
0.6159820556640625
1.67791748046875
2.7512054443359375
3.780548095703125
0.9300384521484375
1.9959945678710938
3.07000732421875
4.114143371582031
1.2126083374023438
2.2775039672851562
3.30126953125
4.333549499511719
1.5044326782226562
2.5454864501953125
3.5763397216796875
0.6726303100585938
1.7620315551757812
2.788970947265625
3.8629074096679688
0.9510879516601562
2.0093231201171875
3.0542984008789062
4.0991363525390625
1.214385986328125
2.274932861328125
3.3121414184570312
4.366058349609375
1.51959228515625
2.5609512329101562
3.5660476684570312
0.6812744140625
1.7023468017578125
2.7394256591796875
3.7514801025390625
0.8805770874023438
1.9230117797851562
2.948211669921875
3.9253005981445312
1.1055984497070312
2.13031005859375
3.1986465454101562
4.234275817871094
1.3500213623046875
2.3348388671875
3.3951339721679688
0.496063232421875
1.5574493408203125
2.5678558349609375
3.5866317749023438
0.6669158935546875
1.70330810546875
2.76983642578125
3.8062744140625
0.9097061157226562
1.9482650756835938
3.0067672729492188
4.0524139404296875
1.1421661376953125
2.1834869384765625
3.1964035034179688
4.227226257324219
1.3477935791015625
2.390655517578125
3.419891357421875
0.5589523315429688
1.5972366333007812
2.6512222290039062
3.68670654296875
0.8129730224609375
1.8017730712890625
2.9045028686523438
3.8952407836914062
1.0779342651367188
2.126708984375
3.18414306640625
4.1767578125
1.3248062133789062
2.376220703125
3.4260177612304688
0.5110397338867188
1.5578765869140625
2.57666015625
3.6295013427734375
0.7593994140625
1.8203125
2.8380966186523438
3.9141845703125
1.0343475341796875
2.0602264404296875
3.1229782104492188
4.171348571777344
1.2810440063476562
2.3606185913085938
3.3673248291015625
0.48848724365234375
1.5054779052734375
2.5390625
3.5849838256835938
0.7323989868164062
1.7340011596679688
2.8218460083007812
3.8482131958007812
1.0213394165039062
2.0635757446289062
3.1013717651367188
4.134910583496094
1.29351806640625
2.3080520629882812
3.3897247314453125
4.381782531738281
1.5102462768554688
2.5165786743164062
3.5982742309570312
0.7196197509765625
1.7624359130859375
2.7690582275390625
3.8506240844726562
0.9580917358398438
2.011810302734375
3.0143356323242188
4.0692291259765625
1.1650390625
2.155731201171875
3.1899490356445312
4.225715637207031
1.3411178588867188
2.37957763671875
3.3798980712890625
0.517486572265625
1.526824951171875
2.5980300903320312
3.6252212524414062
0.7733001708984375
1.775909423828125
2.8262557983398438
3.8274459838867188
0.9622344970703125
1.96197509765625
3.0005416870117188
4.0223541259765625
1.1793212890625
2.1822433471679688
3.2424697875976562
4.259376525878906
1.401123046875
2.4369735717773438
3.5213088989257812
0.5899200439453125
1.6326217651367188
2.6708526611328125
3.7367782592773438
0.8428955078125
5.782997131347656
2.9147491455078125
7.856842041015625
4.98101806640625
2.1048507690429688
7.025672912597656
4.175895690917969
1.2582855224609375
6.218658447265625
3.3595657348632812
8.287582397460938
5.421295166015625
2.557586669921875
7.4940032958984375
4.598785400390625
1.730712890625
6.6629638671875
3.8150711059570312
0.9582748413085938
5.89251708984375
3.0230789184570312
7.974205017089844
5.1037445068359375
2.199951171875
7.155387878417969
4.2921142578125
1.3980636596679688
6.3365325927734375
3.4703292846679688
0.5728302001953125
5.517730712890625
2.628814697265625
7.581504821777344
4.718299865722656
1.8657302856445312
6.811302185058594
3.9082260131835938
1.0266876220703125
5.9786224365234375
3.08197021484375
8.025444030761719
5.161224365234375
2.3136062622070312
7.267616271972656
4.3647613525390625
1.47918701171875
6.416343688964844
3.5475387573242188
0.6595382690429688
5.5916900634765625
2.70892333984375
7.649467468261719
4.7733917236328125
1.8744049072265625
6.8123016357421875
3.9248275756835938
1.0714874267578125
6.01202392578125
3.1393966674804688
8.074974060058594
5.2125244140625
2.2986602783203125
7.243553161621094
4.345344543457031
1.47418212890625
6.407081604003906
3.5246047973632812
0.633270263671875
5.589485168457031
2.6879196166992188
7.630714416503906
4.771026611328125
1.9092788696289062
6.8681640625
3.989959716796875
1.10089111328125
6.024688720703125
3.1368255615234375
8.090171813964844
5.229042053222656
2.3876571655273438
7.322532653808594
4.46710205078125
1.553680419921875
6.49151611328125
3.6169662475585938
0.726806640625
5.691276550292969
2.8295135498046875
7.7855072021484375
4.910346984863281
2.0179901123046875
6.971321105957031
4.0824127197265625
1.2027664184570312
6.14129638671875
3.269744873046875
8.240402221679688
5.3675689697265625
2.4813232421875
7.438873291015625
4.584022521972656
1.7081298828125
6.6690673828125
3.797515869140625
0.9197006225585938
5.848442077636719
2.9718475341796875
7.925895690917969
4.997611999511719
2.14825439453125
7.0888214111328125
4.213935852050781
1.3366851806640625
6.2149658203125
3.4579620361328125
0.6067428588867188
5.5382080078125
2.6621551513671875
7.594276428222656
4.695030212402344
1.7740402221679688
6.726593017578125
3.8738250732421875
0.9942550659179688
5.9481201171875
3.056732177734375
8.004287719726562
5.137664794921875
2.2560806274414062
7.1841583251953125
4.30889892578125
1.4422531127929688
6.311241149902344
3.4887161254882812
0.6349258422851562
5.581146240234375
2.690155029296875
7.6295013427734375
4.749015808105469
1.8627471923828125
6.8054046630859375
3.9264678955078125
1.0026626586914062
5.957481384277344
3.0997543334960938
8.043350219726562
5.156608581542969
2.2962799072265625
7.238212585449219
4.391975402832031
1.4867324829101562
6.443687438964844
3.5590667724609375
0.6959152221679688
5.634330749511719
2.7547225952148438
7.684776306152344
4.8244476318359375
1.951690673828125
6.903022766113281
3.9882354736328125
1.15386962890625
6.1014556884765625
3.229217529296875
8.17047119140625
5.29437255859375
2.3770599365234375
7.32275390625
4.3958282470703125
1.5348052978515625
6.504798889160156
3.6329421997070312
0.7398681640625
5.674278259277344
2.796539306640625
7.7450103759765625
4.895164489746094
1.9808578491210938
6.9396820068359375
4.07940673828125
1.1804656982421875
6.1309661865234375
3.2887420654296875
8.235710144042969
5.350135803222656
2.4554443359375
7.393241882324219
4.526573181152344
1.62713623046875
6.5615386962890625
3.70037841796875
0.8400421142578125
5.791786193847656
2.78692626953125
7.8764190673828125
4.97723388671875
2.102508544921875
7.0397491455078125
4.197540283203125
1.3328170776367188
6.255882263183594
3.3656082153320312
8.334297180175781
5.467002868652344
2.5909881591796875
7.545051574707031
4.6873931884765625
1.8285369873046875
6.769096374511719
3.8685302734375
0.980804443359375
5.937004089355469
2.9740219116210938
7.990570068359375
5.126441955566406
2.2524490356445312
7.182487487792969
4.288482666015625
1.4017333984375
6.3396148681640625
3.4630966186523438
0.6095199584960938
5.5634765625
2.69195556640625
7.65216064453125
4.7806396484375
1.8747100830078125
6.8414306640625
3.957489013671875
1.0708465576171875
6.014923095703125
3.1475448608398438
8.102859497070312
5.198539733886719
2.3264846801757812
7.2566986083984375
4.371955871582031
1.52630615234375
6.461235046386719
3.575836181640625
0.557647705078125
5.6289215087890625
2.757171630859375
7.7168426513671875
4.8328094482421875
1.9752120971679688
6.925529479980469
4.056121826171875
1.1366195678710938
6.078788757324219
3.219696044921875
8.160400390625
5.275733947753906
2.4337081909179688
7.373680114746094
4.496551513671875
1.62493896484375
6.574073791503906
3.6806259155273438
0.8231353759765625
5.7644195556640625
2.8756484985351562
7.832405090332031
4.953117370605469
2.0752792358398438
7.0230560302734375
4.139060974121094
1.2517318725585938
6.173347473144531
3.333404541015625
8.285209655761719
5.393699645996094
2.4982223510742188
7.451484680175781
4.605308532714844
1.6764373779296875
6.657524108886719
3.7650299072265625
0.8446273803710938
5.78936767578125
2.8981475830078125
7.8435821533203125
4.986488342285156
2.111572265625
7.046356201171875
4.1689910888671875
1.3029556274414062
6.25604248046875
3.397552490234375
8.322586059570312
5.4405059814453125
2.5876846313476562
7.541404724121094
4.683052062988281
1.7839431762695312
6.71185302734375
3.8736495971679688
1.0229949951171875
5.9571380615234375
3.0556106567382812
7.994720458984375
5.143402099609375
2.2471084594726562
7.191070556640625
4.321296691894531
1.4345779418945312
6.386894226074219
3.5007247924804688
0.6136474609375
5.541496276855469
2.6794815063476562
7.63397216796875
4.7811279296875
1.9232940673828125
6.87701416015625
3.9913406372070312
1.123321533203125
6.0260162353515625
3.1998062133789062
8.159996032714844
5.273689270019531
2.33978271484375
7.327888488769531
4.4144439697265625
1.5126113891601562
6.44757080078125
3.5598983764648438
0.6744918823242188
5.613487243652344
2.7232589721679688
7.679840087890625
4.8313446044921875
1.938629150390625
6.860237121582031
3.99652099609375
1.0929489135742188
6.0307159423828125
3.15093994140625
8.108894348144531
5.19866943359375
2.3250045776367188
7.258445739746094
4.4027557373046875
1.513580322265625
6.482063293457031
3.6200408935546875
0.6841659545898438
5.6457672119140625
2.73980712890625
7.6880340576171875
4.835197448730469
1.9599761962890625
6.902412414550781
4.03057861328125
1.158966064453125
6.0890350341796875
3.231842041015625
8.187118530273438
5.325714111328125
2.4221115112304688
7.391326904296875
4.531455993652344
1.6300201416015625
6.570518493652344
3.695526123046875
0.7966766357421875
5.7546234130859375
2.8702774047851562
7.834526062011719
4.936592102050781
2.0346832275390625
6.9815673828125
4.1083831787109375
1.2258453369140625
6.162742614746094
3.2667770385742188
8.189643859863281
5.367057800292969
2.466796875
7.421974182128906
4.562843322753906
1.6947555541992188
6.6555023193359375
3.7680511474609375
0.8545379638671875
5.798652648925781
2.9177093505859375
7.8723297119140625
5.016075134277344
2.1419296264648438
7.0746307373046875
4.1975555419921875
1.2928848266601562
6.240486145019531
3.3932266235351562
8.339439392089844
5.472511291503906
2.6043014526367188
7.563667297363281
4.668128967285156
1.7624282836914062
6.710700988769531
3.8339157104492188
0.9596405029296875
5.909141540527344
2.9865646362304688
7.962699890136719
5.080497741699219
2.2067108154296875
7.1346588134765625
4.2894134521484375
1.4324951171875
6.381996154785156
3.481109619140625
0.6122512817382812
5.547882080078125
2.67742919921875
7.6207733154296875
4.742279052734375
1.8071365356445312
6.803672790527344
3.9298782348632812
1.012847900390625
5.999000549316406
3.123992919921875
8.06658935546875
5.210205078125
2.3349533081054688
7.286529541015625
4.4378662109375
1.5546035766601562
6.524009704589844
3.6251678466796875
0.724273681640625
5.688529968261719
2.8244705200195312
7.781036376953125
4.875984191894531
1.9827346801757812
6.949249267578125
4.057464599609375
1.192596435546875
6.140022277832031
3.2268218994140625
8.196678161621094
5.288764953613281
2.3842010498046875
7.3507232666015625
4.4442138671875
1.6026382446289062
6.536705017089844
3.6477737426757812
0.6025161743164062
5.673667907714844
2.818634033203125
7.734619140625
4.914665222167969
1.99981689453125
6.9647674560546875
4.070930480957031
1.1798095703125
6.109153747558594
3.2383270263671875
8.186599731445312
5.322479248046875
2.4641494750976562
7.411613464355469
4.5517425537109375
1.632537841796875
6.574485778808594
3.7229843139648438
0.8597488403320312
5.813407897949219
2.9598007202148438
7.906524658203125
5.051033020019531
2.1339645385742188
7.075874328613281
4.177665710449219
1.3129806518554688
6.261741638183594
3.4117507934570312
8.35284423828125
5.4038543701171875
2.6290740966796875
7.584342956542969
4.691856384277344
1.7969970703125
6.7556304931640625
3.7934036254882812
1.00665283203125
5.954254150390625
3.0680084228515625
8.01629638671875
5.115928649902344
2.2469558715820312
7.209068298339844
4.3113250732421875
1.4083251953125
6.369178771972656
3.5107574462890625
0.6219100952148438
5.5573883056640625
2.6796722412109375
7.6208038330078125
4.728523254394531
1.841064453125
6.79718017578125
3.8955230712890625
1.0421142578125
5.991615295410156
3.1110992431640625
8.036735534667969
5.158966064453125
2.27587890625
7.2213287353515625
4.347099304199219
1.45550537109375
6.374114990234375
3.5522079467773438
0.6559066772460938
5.61334228515625
2.7365036010742188
7.7050933837890625
4.85162353515625
1.9557037353515625
6.900321960449219
4.0384521484375
1.1229400634765625
6.0606842041015625
3.2055587768554688
8.163627624511719
5.266166687011719
2.3821334838867188
7.3210906982421875
4.467658996582031
1.5677871704101562
6.528106689453125
3.6702880859375
0.8062667846679688
5.745979309082031
2.850738525390625
7.789695739746094
4.915435791015625
2.034149169921875
6.98309326171875
4.091926574707031
1.1875381469726562
6.151802062988281
3.2516860961914062
8.194854736328125
5.330810546875
2.4224929809570312
7.3630523681640625
4.51861572265625
1.6575088500976562
6.6098480224609375
3.7485198974609375
0.8217544555664062
5.752532958984375
2.8768386840820312
7.829338073730469
4.976570129394531
2.0736007690429688
7.023841857910156
4.175285339355469
1.2783966064453125
6.229499816894531
3.3596725463867188
8.317039489746094
5.446693420410156
2.5521087646484375
7.504486083984375
4.6113739013671875
1.7230911254882812
6.6776580810546875
3.810760498046875
0.939453125
5.864356994628906
3.0045166015625
7.9604034423828125
5.1126556396484375
2.1847763061523438
7.12042236328125
4.277351379394531
1.4105758666992188
6.3650360107421875
3.4676589965820312
8.375724792480469
5.563041687011719
2.656982421875
7.615791320800781
4.769935607910156
1.8955230712890625
6.857673645019531
3.978271484375
1.0633773803710938
6.013084411621094
3.1612091064453125
8.091934204101562
5.255180358886719
2.3652420043945312
7.2993621826171875
4.435020446777344
1.525482177734375
6.4540557861328125
3.5912704467773438
0.6248016357421875
5.668342590332031
2.8113861083984375
7.767997741699219
4.8998565673828125
2.0211181640625
6.960235595703125
4.072662353515625
1.1989059448242188
6.157585144042969
3.271484375
8.213943481445312
5.310211181640625
2.4361648559570312
7.369659423828125
4.518943786621094
1.6640853881835938
6.6031341552734375
3.7262954711914062
0.8328018188476562
5.781074523925781
2.9219970703125
7.8625030517578125
5.0025634765625
2.1462631225585938
7.057830810546875
4.240776062011719
1.3097991943359375
6.2650909423828125
3.3480072021484375
8.307441711425781
5.412811279296875
2.546112060546875
7.473213195800781
4.5870819091796875
1.6778411865234375
6.6219024658203125
3.7521591186523438
0.8959503173828125
5.8552703857421875
2.9851150512695312
7.935386657714844
5.0459136962890625
2.1399459838867188
7.086082458496094
4.196281433105469
1.3394317626953125
6.2552337646484375
3.4088516235351562
8.373886108398438
5.4778900146484375
2.5811691284179688
7.536491394042969
4.660430908203125
1.81268310546875
6.770576477050781
3.8689956665039062
0.9843826293945312
5.9249420166015625
3.0727691650390625
8.015449523925781
5.122955322265625
2.2765274047851562
7.207771301269531
4.362159729003906
1.4715118408203125
6.403709411621094
3.56134033203125
0.67388916015625
5.609336853027344
2.7593536376953125
7.705375671386719
4.828804016113281
1.943115234375
6.885826110839844
4.012977600097656
1.1167144775390625
6.06414794921875
3.1987228393554688
8.1595458984375
5.2713775634765625
2.3716659545898438
7.326301574707031
4.464302062988281
1.5945816040039062
6.5391998291015625
3.6836929321289062
0.8050308227539062
5.732170104980469
2.8465805053710938
7.796958923339844
4.907928466796875
2.0345916748046875
6.9567718505859375
4.111076354980469
1.2255325317382812
6.159736633300781
3.2650146484375
8.223777770996094
5.3151092529296875
2.4447708129882812
7.3887481689453125
4.4963836669921875
1.58148193359375
6.535987854003906
3.67333984375
0.8136367797851562
5.74981689453125
2.7584381103515625
7.815315246582031
4.9557037353515625
2.0412521362304688
6.969795227050781
4.134368896484375
1.2697372436523438
6.2158050537109375
3.3226776123046875
8.277809143066406
5.407470703125
2.5262832641601562
7.457000732421875
4.604057312011719
1.74566650390625
6.6804351806640625
3.84173583984375
0.9439849853515625
5.899314880371094
3.0130386352539062
7.952301025390625
5.0675201416015625
2.1821823120117188
7.121833801269531
4.221031188964844
1.3150482177734375
6.252815246582031
3.3637542724609375
8.320205688476562
5.4339447021484375
2.5458145141601562
7.501655578613281
4.586814880371094
1.6884002685546875
6.632392883300781
3.7341995239257812
0.8431320190429688
5.7898101806640625
2.9015274047851562
7.86077880859375
4.952728271484375
2.0615615844726562
7.025932312011719
4.124839782714844
1.2260513305664062
6.195220947265625
3.2999496459960938
8.243934631347656
5.3395843505859375
2.4270553588867188
7.3591156005859375
4.4861907958984375
1.6092071533203125
6.5489349365234375
3.6634979248046875
0.7466659545898438
5.66961669921875
2.7966842651367188
7.7294464111328125
4.8614654541015625
1.9507827758789062
6.903694152832031
4.020317077636719
1.0955810546875
6.0523834228515625
3.187408447265625
8.137779235839844
5.243812561035156
2.3492889404296875
7.3022918701171875
4.4211273193359375
1.479278564453125
6.4422607421875
3.5314178466796875
0.6445846557617188
5.613677978515625
2.719818115234375
7.658699035644531
4.7627410888671875
1.8456039428710938
6.8085784912109375
3.8963851928710938
1.0151138305664062
5.967399597167969
3.0855331420898438
8.015998840332031
5.132652282714844
2.2150344848632812
7.1646575927734375
4.2769927978515625
1.3817291259765625
6.3318939208984375
3.4303359985351562
8.377708435058594
5.427665710449219
2.5839385986328125
7.532173156738281
4.640983581542969
1.7449188232421875
6.680351257324219
3.794921875
0.8869705200195312
5.818305969238281
2.933380126953125
7.8759765625
4.9883270263671875
2.0914382934570312
7.051460266113281
4.1626129150390625
1.2783050537109375
6.2075958251953125
3.3277130126953125
8.267532348632812
5.3911285400390625
2.4762191772460938
7.4474945068359375
4.551612854003906
1.6208038330078125
6.507911682128906
3.6828079223632812
0.8043670654296875
5.753089904785156
2.8846817016601562
7.8264617919921875
4.95013427734375
2.0275802612304688
6.962547302246094
4.058036804199219
1.1907730102539062
6.131767272949219
3.235076904296875
8.185211181640625
5.2977294921875
2.3913955688476562
7.339622497558594
4.427337646484375
1.5517654418945312
6.480857849121094
3.6058883666992188
0.6954421997070312
5.6409149169921875
2.7441253662109375
7.6783447265625
4.800498962402344
1.913604736328125
6.854644775390625
3.9544677734375
1.0386962890625
5.995391845703125
3.0915374755859375
8.053871154785156
5.16131591796875
2.2856903076171875
7.214012145996094
4.322975158691406
1.41278076171875
6.363853454589844
3.4775161743164062
8.413818359375
5.5657806396484375
2.6739044189453125
7.609344482421875
4.7260589599609375
1.8090362548828125
6.760040283203125
3.8666915893554688
0.9742279052734375
5.920166015625
3.0185470581054688
7.98138427734375
5.0867767333984375
2.1533889770507812
7.095405578613281
4.219642639160156
1.3285446166992188
6.2660675048828125
3.3511505126953125
8.318809509277344
5.446846008300781
2.5316162109375
7.466575622558594
4.5781707763671875
1.6736984252929688
6.5579071044921875
3.75872802734375
0.8720169067382812
5.8026885986328125
2.90045166015625
7.790504455566406
4.953361511230469
2.0729217529296875
7.006248474121094
4.110282897949219
1.191436767578125
6.153739929199219
3.2427825927734375
8.207107543945312
5.3109130859375
2.4064483642578125
7.368522644042969
4.4782257080078125
1.552154541015625
6.5024871826171875
3.5277862548828125
0.7146377563476562
5.667594909667969
2.77935791015625
7.730247497558594
4.82373046875
1.924713134765625
6.8512420654296875
3.9684677124023438
1.078155517578125
6.030448913574219
3.1443099975585938
8.091636657714844
5.1992645263671875
2.2740631103515625
7.228614807128906
4.3402862548828125
1.4450302124023438
6.393135070800781
3.4642257690429688
0.583099365234375
5.539741516113281
2.647125244140625
7.582038879394531
4.70068359375
1.801239013671875
6.745063781738281
3.8603057861328125
0.942962646484375
5.8939971923828125
2.9902420043945312
7.937828063964844
5.059959411621094
2.2007293701171875
7.147377014160156
4.2555999755859375
1.3452911376953125
6.278770446777344
3.4008636474609375
8.335044860839844
5.45721435546875
2.5605239868164062
7.492462158203125
4.599311828613281
1.691162109375
6.64007568359375
3.7517166137695312
0.87408447265625
5.8123779296875
2.9241485595703125
7.861053466796875
4.972129821777344
2.0525894165039062
7.0106658935546875
4.111701965332031
1.2213516235351562
6.1582489013671875
3.2930374145507812
8.223518371582031
5.326148986816406
2.4292831420898438
7.3712158203125
4.470306396484375
1.593963623046875
6.519523620605469
3.6495590209960938
0.7321701049804688
5.6817779541015625
2.784210205078125
7.726837158203125
4.844779968261719
1.9425430297851562
6.896240234375
4.010093688964844
1.0878677368164062
6.024162292480469
3.1371536254882812
8.0804443359375
5.1863861083984375
2.303741455078125
7.2553863525390625
4.35174560546875
1.449005126953125
6.395866394042969
3.4947967529296875
0.5967864990234375
5.563804626464844
2.6691818237304688
7.617958068847656
4.710762023925781
1.8399200439453125
6.791725158691406
3.9022598266601562
1.0224151611328125
5.967681884765625
3.0878067016601562
8.045066833496094
5.139320373535156
2.2129669189453125
7.16607666015625
4.293060302734375
1.4048233032226562
6.3304290771484375
3.4393997192382812
8.401527404785156
5.503532409667969
2.593109130859375
7.537147521972656
4.645881652832031
1.74993896484375
6.7056884765625
3.8074951171875
0.9037322998046875
5.837921142578125
2.9389266967773438
7.866127014160156
5.0108489990234375
2.1141586303710938
7.060089111328125
4.182334899902344
1.2638702392578125
6.202919006347656
3.3095855712890625
8.248687744140625
5.365943908691406
2.4882736206054688
7.412544250488281
4.53839111328125
1.5991287231445312
6.5599822998046875
3.6814422607421875
0.7741928100585938
5.731407165527344
2.8220748901367188
7.7918853759765625
4.883941650390625
1.964111328125
6.92352294921875
4.037193298339844
1.1370697021484375
6.087928771972656
3.1897506713867188
8.135002136230469
5.2404327392578125
2.3419570922851562
7.287345886230469
4.384223937988281
1.4896087646484375
6.440483093261719
3.4785079956054688
8.323432922363281
5.638671875
2.7318038940429688
7.683570861816406
4.778350830078125
1.9034576416015625
6.852272033691406
3.9478759765625
1.0467300415039062
5.9816741943359375
3.0946578979492188
8.033058166503906
5.034538269042969
2.2956695556640625
7.230476379394531
4.351966857910156
1.4303054809570312
6.378547668457031
3.474700927734375
8.424331665039062
5.53387451171875
2.65692138671875
7.6028900146484375
4.7188262939453125
1.7847061157226562
6.725868225097656
3.8542556762695312
0.9323272705078125
5.8951568603515625
3.0089874267578125
7.949424743652344
5.057075500488281
2.1481170654296875
7.095603942871094
4.2037353515625
1.297149658203125
6.2606201171875
3.3786849975585938
8.324607849121094
5.416679382324219
2.5027084350585938
7.462150573730469
4.561088562011719
1.6812667846679688
6.6181182861328125
3.7389984130859375
0.8197174072265625
5.759490966796875
2.86126708984375
7.8073883056640625
4.9654083251953125
2.0631179809570312
7.0104827880859375
4.123619079589844
1.1990203857421875
6.137413024902344
3.2503433227539062
8.201995849609375
5.313606262207031
2.4414596557617188
7.3691864013671875
4.4886322021484375
1.5667724609375
6.52203369140625
3.6237411499023438
0.7179718017578125
5.683624267578125
2.7943649291992188
7.736137390136719
4.840911865234375
1.9418869018554688
6.871833801269531
3.9848251342773438
1.106414794921875
6.008842468261719
3.1605606079101562
8.096641540527344
5.1971893310546875
2.286224365234375
7.247093200683594
4.353729248046875
1.4521560668945312
6.400169372558594
3.5231552124023438
0.5908203125
5.532035827636719
2.6624984741210938
7.5903167724609375
4.713165283203125
1.8101882934570312
6.748466491699219
3.8629837036132812
0.9522247314453125
5.8920440673828125
3.0232620239257812
7.940559387207031
5.0795745849609375
2.18499755859375
7.1253662109375
4.216728210449219
1.3214645385742188
6.274681091308594
3.3771820068359375
8.32403564453125
5.4188079833984375
2.5376205444335938
7.431678771972656
4.589683532714844
1.69171142578125
6.55645751953125
3.7445297241210938
0.8458480834960938
5.798149108886719
2.9042892456054688
7.845977783203125
4.960533142089844
2.0317611694335938
6.989906311035156
4.103630065917969
1.2133331298828125
6.159263610839844
3.2647476196289062
8.195205688476562
5.318946838378906
2.4093246459960938
7.347587585449219
4.437400817871094
1.565948486328125
6.523094177246094
3.6313018798828125
0.6923065185546875
5.647483825683594
2.7463455200195312
7.6952667236328125
4.8159942626953125
1.93548583984375
6.8792266845703125
3.9888076782226562
1.070556640625
6.016548156738281
3.1322860717773438
8.055145263671875
5.1737060546875
2.2910995483398438
7.238456726074219
4.3479766845703125
1.4203872680664062
6.3720245361328125
3.4716567993164062
8.426872253417969
5.546852111816406
2.6480178833007812
7.589698791503906
4.710578918457031
1.7862396240234375
6.725288391113281
3.853729248046875
0.9562530517578125
5.887397766113281
2.9843597412109375
7.942909240722656
5.0708770751953125
2.1382904052734375
7.085075378417969
4.20782470703125
1.3139190673828125
6.259132385253906
3.3763656616210938
8.320938110351562
5.42633056640625
2.4930953979492188
7.458152770996094
4.543785095214844
1.6771926879882812
6.60986328125
3.7362213134765625
0.81097412109375
5.750770568847656
2.859466552734375
7.8237762451171875
4.937400817871094
2.0351409912109375
6.966278076171875
4.0871124267578125
1.1842041015625
6.1324462890625
3.2320556640625
8.167572021484375
5.2769775390625
2.3858642578125
7.351387023925781
4.4324493408203125
1.4879684448242188
6.4571533203125
3.56878662109375
0.6586990356445312
5.624351501464844
2.7198944091796875
7.683372497558594
4.776832580566406
1.8595199584960938
6.8027191162109375
3.9170913696289062
1.0301513671875
5.971183776855469
3.0843429565429688
7.825927734375
5.14398193359375
2.2308502197265625
7.1797332763671875
4.289894104003906
1.3874893188476562
6.289924621582031
3.4534912109375
8.386100769042969
5.496315002441406
2.5866851806640625
7.5193634033203125
4.6371307373046875
1.7600936889648438
6.7004241943359375
3.798126220703125
0.8892822265625
5.840934753417969
2.9495925903320312
7.899147033691406
4.939849853515625
2.1083908081054688
7.0710601806640625
4.1693878173828125
1.2598190307617188
6.191169738769531
3.3034439086914062
8.257972717285156
5.373077392578125
2.4103775024414062
7.43218994140625
4.526359558105469
1.5925064086914062
6.556083679199219
3.666168212890625
0.7848663330078125
5.727996826171875
2.8425750732421875
7.789848327636719
4.896446228027344
1.9714202880859375
6.9062652587890625
4.0283660888671875
1.13165283203125
6.079719543457031
3.1934585571289062
8.140083312988281
5.261688232421875
2.2912368774414062
7.2801971435546875
4.386116027832031
1.4844284057617188
6.409233093261719
3.5448532104492188
0.629364013671875
5.588111877441406
2.7010421752929688
7.6394195556640625
4.7404632568359375
1.858428955078125
6.809974670410156
3.9154205322265625
0.9894943237304688
5.948188781738281
3.0597305297851562
7.995246887207031
5.105316162109375
2.203643798828125
7.146820068359375
4.2851715087890625
1.3710784912109375
6.314369201660156
3.4028091430664062
8.361465454101562
5.480598449707031
2.5922698974609375
7.53399658203125
4.623870849609375
1.7307205200195312
6.69500732421875
3.8149795532226562
0.9007415771484375
5.8579254150390625
2.9675140380859375
7.9281158447265625
5.032257080078125
2.1136016845703125
7.0638427734375
4.16619873046875
1.283538818359375
6.223114013671875
3.329864501953125
8.275787353515625
5.383949279785156
2.4662094116210938
7.420005798339844
4.490142822265625
1.64178466796875
6.588432312011719
3.682647705078125
0.7606277465820312
5.7059783935546875
2.82867431640625
7.761344909667969
4.894645690917969
1.9860000610351562
6.945899963378906
4.043571472167969
1.1226425170898438
6.0863189697265625
3.18804931640625
8.128486633300781
5.244880676269531
2.3622055053710938
7.291351318359375
4.4198455810546875
1.4792251586914062
6.282707214355469
3.55218505859375
0.66033935546875
5.615325927734375
2.7207489013671875
7.665275573730469
4.8025970458984375
1.7779617309570312
6.806793212890625
3.8459701538085938
1.0390167236328125
6.0045623779296875
3.0797500610351562
8.055877685546875
5.1513824462890625
2.2475738525390625
7.1865997314453125
4.3107452392578125
1.4007339477539062
6.351531982421875
3.4750900268554688
8.410476684570312
5.5277862548828125
2.6046142578125
7.535896301269531
4.66290283203125
1.7809295654296875
6.706512451171875
3.81475830078125
0.905364990234375
5.867683410644531
2.9763412475585938
7.908363342285156
5.0318603515625
2.10260009765625
7.040779113769531
4.146812438964844
1.2325286865234375
6.193412780761719
3.3112945556640625
8.240524291992188
5.360595703125
2.4708633422851562
7.406288146972656
4.530548095703125
1.5192718505859375
6.544654846191406
3.6568527221679688
0.7769012451171875
5.7271270751953125
2.8227081298828125
7.764373779296875
4.8852081298828125
1.9553604125976562
6.923271179199219
4.01092529296875
1.1190261840820312
6.0880584716796875
3.1975860595703125
8.119010925292969
5.25457763671875
2.3237762451171875
7.2761077880859375
4.389122009277344
1.4917068481445312
6.4467620849609375
3.559844970703125
0.621246337890625
5.5686492919921875
2.6886138916015625
7.6207427978515625
4.737892150878906
1.8503036499023438
6.794761657714844
3.91766357421875
0.99810791015625
5.921684265136719
3.050048828125
7.978546142578125
5.1042022705078125
2.223602294921875
7.15338134765625
4.256622314453125
1.3393402099609375
6.298858642578125
3.402008056640625
8.334663391113281
5.4447784423828125
2.5740280151367188
7.501701354980469
4.6168670654296875
1.6630401611328125
6.650520324707031
3.77044677734375
0.8343658447265625
5.8090972900390625
2.9362564086914062
7.886505126953125
4.968742370605469
2.064727783203125
7.019195556640625
4.130714416503906
1.2192535400390625
6.189064025878906
3.288909912109375
8.246749877929688
5.350669860839844
2.4390640258789062
7.374595642089844
4.490272521972656
1.6054763793945312
6.533149719238281
3.64349365234375
0.720489501953125
5.6876068115234375
2.7991104125976562
7.72900390625
4.831451416015625
1.9579086303710938
6.893913269042969
3.9810104370117188
1.1022872924804688
6.044807434082031
3.1597824096679688
8.102302551269531
5.214530944824219
2.3212738037109375
7.2720947265625
4.365455627441406
1.4395599365234375
6.3891754150390625
3.5049285888671875
8.44952392578125
5.564605712890625
2.6818771362304688
7.632057189941406
4.731819152832031
1.8253402709960938
6.750312805175781
3.87518310546875
0.954925537109375
5.879058837890625
2.998504638671875
7.943733215332031
5.045623779296875
2.1480712890625
7.100379943847656
4.2090911865234375
1.3081588745117188
6.262458801269531
3.3636474609375
8.307441711425781
5.433174133300781
2.5012664794921875
7.4493408203125
4.5538177490234375
1.6781539916992188
6.627601623535156
3.7385711669921875
0.8107376098632812
5.7364044189453125
2.860565185546875
7.80731201171875
4.9203033447265625
2.0397491455078125
6.978584289550781
4.095878601074219
1.1790390014648438
6.1229400634765625
3.21478271484375
8.169975280761719
5.285102844238281
2.37860107421875
7.329414367675781
4.460044860839844
1.5408859252929688
6.458915710449219
3.59222412109375
0.6962432861328125
5.6519622802734375
2.765045166015625
7.7018585205078125
4.8121337890625
1.8944778442382812
6.842582702636719
3.94842529296875
1.0538330078125
6.001152038574219
3.1149215698242188
8.059173583984375
5.182868957519531
2.2640762329101562
7.196624755859375
4.306861877441406
1.4156570434570312
6.357269287109375
3.465301513671875
8.415290832519531
5.545166015625
2.5759506225585938
7.548622131347656
4.6600341796875
1.7905654907226562
6.72369384765625
3.8304290771484375
0.9152679443359375
5.8528594970703125
2.9853973388671875
7.911811828613281
5.0393829345703125
2.135589599609375
7.058258056640625
4.194404602050781
1.2778396606445312
6.225151062011719
3.3281097412109375
8.270523071289062
5.390403747558594
2.4873886108398438
7.4528656005859375
4.565208435058594
1.6306076049804688
6.5927734375
3.7063064575195312
0.807403564453125
5.744132995605469
2.858551025390625
7.812736511230469
4.911643981933594
2.0075454711914062
6.944450378417969
4.0503387451171875
1.1605758666992188
6.104286193847656
3.2074356079101562
8.168792724609375
5.28460693359375
2.4236526489257812
7.374603271484375
4.477561950683594
1.5884628295898438
6.516746520996094
3.6430740356445312
0.7252883911132812
5.652397155761719
2.7659378051757812
7.713325500488281
4.83392333984375
1.9307632446289062
6.866065979003906
4.002204895019531
1.0809707641601562
6.0143585205078125
3.1456832885742188
8.091636657714844
5.186149597167969
2.2886505126953125
7.245704650878906
4.341804504394531
1.4332122802734375
6.382720947265625
3.4829864501953125
8.429039001464844
5.539176940917969
2.666259765625
7.619071960449219
4.7263946533203125
1.8056411743164062
6.731300354003906
3.8595962524414062
0.9515533447265625
5.910758972167969
3.0210952758789062
7.973304748535156
5.068778991699219
2.1557464599609375
7.1128692626953125
4.209564208984375
1.3309860229492188
6.264137268066406
3.3911590576171875
8.327239990234375
5.421966552734375
2.5316238403320312
7.461433410644531
4.572227478027344
1.683135986328125
6.6135406494140625
3.7434310913085938
0.8331832885742188
5.775001525878906
2.88848876953125
7.8238525390625
4.94927978515625
2.0496063232421875
6.991233825683594
4.113410949707031
1.1943359375
6.1283111572265625
3.2383575439453125
8.178070068359375
5.3007965087890625
2.4224319458007812
7.372459411621094
4.485466003417969
1.61383056640625
6.559844970703125
3.6502304077148438
0.780792236328125
5.706993103027344
2.82904052734375
7.774116516113281
4.877922058105469
1.969818115234375
6.909446716308594
4.007537841796875
1.139556884765625
6.072761535644531
3.1984100341796875
8.143569946289062
5.2256927490234375
2.3168792724609375
7.2613525390625
4.377685546875
1.499114990234375
6.443534851074219
3.53692626953125
8.487686157226562
5.5964813232421875
2.6850814819335938
7.635993957519531
4.748771667480469
1.840789794921875
6.810447692871094
3.9058074951171875
0.9891510009765625
5.945732116699219
3.0522232055664062
7.988273620605469
5.086494445800781
2.1923294067382812
7.133270263671875
4.242073059082031
1.3073501586914062
6.272331237792969
3.381011962890625
8.330551147460938
5.4321746826171875
2.5452041625976562
7.497413635253906
4.597747802734375
1.67913818359375
6.633491516113281
3.746337890625
0.8368453979492188
5.784095764160156
2.9125289916992188
7.843597412109375
4.96429443359375
2.05426025390625
7.000205993652344
4.093391418457031
1.1916351318359375
6.143745422363281
3.2750015258789062
8.201164245605469
5.3135223388671875
2.4103012084960938
7.346458435058594
4.441001892089844
1.5813827514648438
6.504692077636719
3.6239700317382812
0.7056655883789062
5.667045593261719
2.7638320922851562
7.7063446044921875
4.810791015625
1.9321441650390625
6.87652587890625
3.9902420043945312
1.0796966552734375
6.009521484375
3.1188812255859375
8.054336547851562
5.191856384277344
2.3232574462890625
7.2607269287109375
4.385643005371094
1.4575729370117188
6.412017822265625
3.529754638671875
8.466545104980469
5.569648742675781
2.6918106079101562
7.636940002441406
4.745780944824219
1.82403564453125
6.7826690673828125
3.8702926635742188
0.9987869262695312
5.949546813964844
3.0520172119140625
7.985260009765625
5.1081390380859375
2.1694869995117188
7.131690979003906
4.226234436035156
1.3624801635742188
6.28369140625
3.418365478515625
8.363510131835938
5.467376708984375
2.5525054931640625
7.4921417236328125
4.593048095703125
1.7089157104492188
6.643516540527344
3.755859375
0.8547897338867188
5.7979583740234375
2.9009170532226562
7.853996276855469
4.9591827392578125
2.0763931274414062
7.017402648925781
4.119964599609375
1.2083892822265625
6.1445465087890625
3.2503433227539062
8.218009948730469
5.309814453125
2.4367752075195312
7.3763427734375
4.492073059082031
1.49505615234375
6.50421142578125
3.6114959716796875
0.724456787109375
5.666778564453125
2.7895660400390625
7.74383544921875
4.852577209472656
1.9235000610351562
6.870147705078125
3.9816436767578125
1.0890121459960938
6.034210205078125
3.1233139038085938
8.09375
5.2122802734375
2.2891998291015625
7.2218170166015625
4.331916809082031
1.4385986328125
6.392913818359375
3.50872802734375
8.448318481445312
5.574676513671875
2.6388931274414062
7.5848541259765625
4.6857452392578125
1.8155975341796875
6.7474517822265625
3.8561859130859375
0.9354629516601562
5.8976287841796875
3.0126113891601562
7.963134765625
5.055641174316406
2.1740264892578125
7.119110107421875
4.2306671142578125
1.3137893676757812
6.261962890625
3.3726730346679688
8.316513061523438
5.42169189453125
2.541748046875
7.471412658691406
4.601966857910156
1.6623611450195312
6.623779296875
3.7303466796875
0.8432998657226562
5.777153015136719
2.9063568115234375
7.852180480957031
4.955314636230469
2.0319061279296875
6.9905242919921875
3.9855117797851562
1.19818115234375
6.155296325683594
3.2415771484375
8.189376831054688
5.309417724609375
2.3862075805664062
7.3455657958984375
4.4507293701171875
1.5538711547851562
6.4968719482421875
3.6084671020507812
0.7017745971679688
5.632347106933594
2.7416229248046875
7.684852600097656
4.8104400634765625
1.9305038452148438
6.8714141845703125
3.9879226684570312
1.0424652099609375
6.001747131347656
3.1145706176757812
8.049354553222656
5.16217041015625
2.2808151245117188
7.215354919433594
4.326202392578125
1.424560546875
6.3627777099609375
3.4700698852539062
8.406822204589844
5.5077667236328125
2.6446990966796875
7.58917236328125
4.68951416015625
1.773223876953125
6.722038269042969
3.82373046875
0.9255218505859375
5.891639709472656
2.99896240234375
7.943351745605469
5.025390625
2.1267013549804688
7.066383361816406
4.179924011230469
1.2886962890625
6.233833312988281
3.3482208251953125
8.301773071289062
5.40216064453125
2.4870681762695312
7.447723388671875
4.538780212402344
1.6503753662109375
6.61163330078125
3.7028961181640625
0.8067092895507812
5.723876953125
2.8591842651367188
7.808647155761719
4.9060516357421875
2.026763916015625
6.969825744628906
4.075836181640625
1.1454315185546875
6.0977783203125
3.2078094482421875
8.162162780761719
5.250419616699219
2.384521484375
7.3338165283203125
4.442604064941406
1.5228500366210938
6.470924377441406
3.5808868408203125
0.6833724975585938
5.629150390625
2.7239608764648438
7.69439697265625
4.8003997802734375
1.8841476440429688
6.812477111816406
3.9324188232421875
1.0250167846679688
5.9792022705078125
3.0957412719726562
8.049217224121094
5.1594085693359375
2.2318572998046875
7.1708221435546875
4.300544738769531
1.3882827758789062
6.34259033203125
3.4394683837890625
8.414131164550781
5.5194244384765625
2.5931396484375
7.523048400878906
4.640190124511719
1.7504119873046875
6.713043212890625
3.8211822509765625
0.9045257568359375
5.840583801269531
2.9455947875976562
7.9021759033203125
5.019287109375
2.1254043579101562
7.0606536865234375
4.17156982421875
1.2551040649414062
6.210174560546875
3.31536865234375
8.275382995605469
5.3805999755859375
2.4824676513671875
7.4396209716796875
4.53857421875
1.6022262573242188
6.551124572753906
3.6836776733398438
0.7674942016601562
5.734291076660156
2.8374557495117188
7.7860260009765625
4.896903991699219
1.9947509765625
6.937225341796875
4.047981262207031
1.142791748046875
6.106971740722656
3.1961135864257812
8.135658264160156
5.271903991699219
2.3536453247070312
7.288383483886719
4.406211853027344
1.50799560546875
6.465660095214844
3.55682373046875
8.511077880859375
5.632652282714844
2.7016754150390625
7.642707824707031
4.770378112792969
1.881256103515625
6.795501708984375
3.9288406372070312
0.9985275268554688
5.9530029296875
3.0588760375976562
7.9887847900390625
5.1191253662109375
2.2313995361328125
7.186363220214844
4.286033630371094
1.359588623046875
6.309844970703125
3.4282989501953125
8.352470397949219
5.486427307128906
2.5847015380859375
7.542457580566406
4.631645202636719
1.7183685302734375
6.679817199707031
3.7744293212890625
0.8909759521484375
5.829017639160156
2.9476394653320312
7.899139404296875
4.9918212890625
2.0873336791992188
7.0304718017578125
4.1371002197265625
1.2627182006835938
6.1952056884765625
3.3130416870117188
8.259552001953125
5.367637634277344
2.4409103393554688
7.3952789306640625
4.503875732421875
1.6091156005859375
6.561256408691406
3.6805572509765625
0.75616455078125
5.706268310546875
2.8126373291015625
7.757209777832031
4.85760498046875
1.9818878173828125
6.926994323730469
4.040718078613281
1.115753173828125
6.0729522705078125
3.1851272583007812
8.127609252929688
5.222198486328125
2.347198486328125
7.2936553955078125
4.3968963623046875
1.480499267578125
6.435676574707031
3.5457229614257812
8.486106872558594
5.5920257568359375
2.7148666381835938
7.650848388671875
4.745635986328125
1.8333892822265625
6.7899169921875
3.9049072265625
1.0026168823242188
5.9653472900390625
3.0762481689453125
8.015724182128906
5.1259613037109375
2.2158203125
7.149162292480469
4.2486419677734375
1.3827590942382812
6.324333190917969
3.43310546875
8.379646301269531
5.480003356933594
2.5584335327148438
7.5199127197265625
4.61248779296875
1.7241363525390625
6.6713104248046875
3.79205322265625
0.8712997436523438
5.82147216796875
2.9188613891601562
7.855072021484375
4.988334655761719
2.0950088500976562
7.040779113769531
4.1411285400390625
1.2266845703125
6.1761474609375
3.27490234375
8.229965209960938
5.3349456787109375
2.4332962036132812
7.395957946777344
4.518424987792969
1.6210861206054688
6.5494842529296875
3.679901123046875
0.7950210571289062
5.728874206542969
2.8489608764648438
7.78912353515625
4.898628234863281
1.9798202514648438
6.927253723144531
4.0415496826171875
1.1170501708984375
6.0705718994140625
3.1689529418945312
8.130218505859375
5.236152648925781
2.3042068481445312
7.251594543457031
4.3729248046875
1.4698410034179688
6.4248046875
3.5138702392578125
8.469512939453125
5.598731994628906
2.666778564453125
7.5994873046875
4.662422180175781
1.8337783813476562
6.784492492675781
3.8890151977539062
0.9717330932617188
5.9330902099609375
3.0178756713867188
7.963836669921875
5.080924987792969
2.2094268798828125
7.13702392578125
4.2626495361328125
1.3386383056640625
6.29229736328125
3.3798294067382812
8.343315124511719
5.432289123535156
2.555145263671875
7.506599426269531
4.498176574707031
1.7052383422851562
6.637107849121094
3.7654342651367188
0.858795166015625
5.806785583496094
2.9225311279296875
7.8711395263671875
4.987701416015625
2.0481643676757812
6.992195129394531
4.1079254150390625
1.2244949340820312
6.172355651855469
3.2881927490234375
8.209480285644531
5.333770751953125
2.4114151000976562
7.349678039550781
4.463310241699219
1.5890045166015625
6.529914855957031
3.63800048828125
0.7108535766601562
5.67364501953125
2.7668533325195312
7.726226806640625
4.8174285888671875
1.934661865234375
6.8777618408203125
4.008934020996094
1.0775527954101562
6.018562316894531
3.1420364379882812
8.080253601074219
5.185394287109375
2.2632293701171875
7.26031494140625
4.3578338623046875
1.4472808837890625
6.379173278808594
3.5060806274414062
8.429595947265625
5.546653747558594
2.6575393676757812
7.6138916015625
4.707206726074219
1.79510498046875
6.743927001953125
3.8609771728515625
0.9656143188476562
5.922645568847656
3.0315170288085938
7.9710235595703125
5.0868682861328125
2.1585769653320312
7.108055114746094
4.214546203613281
1.2651214599609375
6.261474609375
3.3688278198242188
8.319580078125
5.4452056884765625
2.5326766967773438
7.4611053466796875
4.572540283203125
1.698272705078125
6.623741149902344
3.7528762817382812
0.8287277221679688
5.771270751953125
2.8911666870117188
7.828712463378906
4.937347412109375
2.04400634765625
6.993247985839844
4.104820251464844
1.1849822998046875
6.1414642333984375
3.2381362915039062
8.179885864257812
5.306877136230469
2.4128036499023438
7.357307434082031
4.457725524902344
1.547210693359375
6.4637298583984375
3.6025924682617188
0.71429443359375
5.6629486083984375
2.7752532958984375
7.725349426269531
4.834197998046875
1.90411376953125
6.83740234375
3.97613525390625
0.99993896484375
6.010955810546875
3.1253509521484375
8.067756652832031
5.189674377441406
2.2604446411132812
7.2126617431640625
4.290374755859375
1.4328384399414062
6.391227722167969
3.4867706298828125
8.446647644042969
5.547698974609375
2.6246490478515625
7.580406188964844
4.6904296875
1.80413818359375
6.733772277832031
3.8593826293945312
0.9233932495117188
5.885498046875
2.98431396484375
7.923927307128906
5.048027038574219
2.1483840942382812
7.099861145019531
4.215629577636719
1.2974395751953125
6.2286834716796875
3.3458099365234375
8.301582336425781
5.4046478271484375
2.523956298828125
7.466941833496094
4.559532165527344
1.6559066772460938
6.59906005859375
3.7063217163085938
0.8102035522460938
5.751045227050781
2.7728195190429688
7.832328796386719
4.939659118652344
2.0167694091796875
6.9571990966796875
4.0659027099609375
1.170562744140625
6.126976013183594
3.2421722412109375
8.167610168457031
5.2911376953125
2.3815994262695312
7.3107147216796875
4.433479309082031
1.5450210571289062
6.476844787597656
3.5947341918945312
8.549041748046875
5.661537170410156
2.7350616455078125
7.6875
4.7749786376953125
1.8857803344726562
6.842811584472656
3.9501419067382812
1.0344467163085938
5.96844482421875
3.0925216674804688
8.046951293945312
5.1528167724609375
2.26934814453125
7.190643310546875
4.313446044921875
1.3930587768554688
6.341789245605469
3.4399261474609375
8.37890625
5.48260498046875
2.61041259765625
7.5723876953125
4.674858093261719
1.7561798095703125
6.7076873779296875
3.7932205200195312
0.9104385375976562
5.854827880859375
2.9714126586914062
7.922828674316406
5.023185729980469
2.1188735961914062
7.0655670166015625
4.166534423828125
1.269012451171875
6.228874206542969
3.3194808959960938
8.272926330566406
5.387298583984375
2.47454833984375
7.404975891113281
4.5346832275390625
1.6498031616210938
6.462928771972656
3.681976318359375
0.7790603637695312
5.717292785644531
2.816070556640625
7.7718505859375
4.879768371582031
1.9963531494140625
6.9351043701171875
4.064971923828125
1.1423110961914062
6.089744567871094
3.195587158203125
8.145698547363281
5.244590759277344
2.3464202880859375
7.313392639160156
4.410240173339844
1.5058517456054688
6.4440460205078125
3.556915283203125
8.486701965332031
5.596122741699219
2.7125930786132812
7.663291931152344
4.773490905761719
1.8651885986328125
6.802032470703125
3.9190216064453125
1.00750732421875
5.944122314453125
3.0803451538085938
8.026145935058594
5.1209564208984375
2.2270355224609375
7.147773742675781
4.2761077880859375
1.3646011352539062
6.3350067138671875
3.4318695068359375
8.380500793457031
5.492156982421875
2.5541763305664062
7.5023040771484375
4.6215057373046875
1.7352523803710938
6.6923980712890625
3.7787399291992188
0.8723526000976562
5.827430725097656
2.9277114868164062
7.8911285400390625
4.9752044677734375
2.10931396484375
7.032600402832031
4.143585205078125
1.2372512817382812
6.1903228759765625
3.3039169311523438
8.249916076660156
5.345977783203125
2.4632415771484375
7.4042205810546875
4.526420593261719
1.5854721069335938
6.530006408691406
3.6421661376953125
0.7733993530273438
5.7071990966796875
2.8159408569335938
7.7786407470703125
4.889564514160156
1.9689178466796875
6.914863586425781
4.02490234375
1.1196365356445312
6.080924987792969
3.1729736328125
8.136993408203125
5.242988586425781
2.3274307250976562
7.264228820800781
4.323738098144531
1.4866180419921875
6.4422149658203125
3.5340118408203125
8.429344177246094
5.5816802978515625
2.6630401611328125
7.615997314453125
4.719703674316406
1.850189208984375
6.784751892089844
3.9019927978515625
0.98907470703125
5.916717529296875
3.0176010131835938
7.847785949707031
5.099662780761719
2.2016067504882812
7.132133483886719
4.2507781982421875
1.3219146728515625
6.288230895996094
3.4208755493164062
8.365493774414062
5.481964111328125
2.5942840576171875
7.549964904785156
4.601158142089844
1.7408599853515625
6.681938171386719
3.7758941650390625
0.9100189208984375
5.853790283203125
2.9374008178710938
7.898712158203125
5.000450134277344
2.1010971069335938
7.0421295166015625
4.1620330810546875
1.2802352905273438
6.2289581298828125
3.3602752685546875
8.295509338378906
5.402900695800781
2.4820098876953125
7.431526184082031
4.545745849609375
1.6538619995117188
6.5842742919921875
3.7134323120117188
0.792236328125
5.727684020996094
2.8320846557617188
7.782936096191406
4.880455017089844
2.0109786987304688
6.9638519287109375
4.064903259277344
1.158294677734375
6.1021575927734375
3.1982269287109375
8.151161193847656
5.2598419189453125
2.3672332763671875
7.268852233886719
4.427513122558594
1.4957275390625
6.457130432128906
3.5707321166992188
8.507545471191406
5.623954772949219
2.7411727905273438
7.674468994140625
4.794456481933594
1.8658447265625
6.8117523193359375
3.9275588989257812
1.0469284057617188
5.978752136230469
3.1023712158203125
8.025718688964844
5.158447265625
2.2249984741210938
7.173088073730469
4.28240966796875
1.3800201416015625
6.3489990234375
3.4611892700195312
8.398536682128906
5.519248962402344
2.5800933837890625
7.461433410644531
4.643074035644531
1.7651748657226562
6.688606262207031
3.8016586303710938
0.895294189453125
5.71771240234375
2.940673828125
7.8880615234375
4.995277404785156
2.1237564086914062
7.0604400634765625
4.173454284667969
1.251983642578125
6.207756042480469
3.3094253540039062
8.253982543945312
5.3465423583984375
2.4708404541015625
7.432060241699219
4.529701232910156
1.6224212646484375
6.5466766357421875
3.7029876708984375
0.80194091796875
5.753349304199219
2.8537826538085938
7.800987243652344
4.9083251953125
2.0036468505859375
6.953125
4.0644989013671875
1.1621246337890625
6.1156768798828125
3.2132949829101562
8.169647216796875
5.2721099853515625
2.3583221435546875
7.314857482910156
4.429168701171875
1.5323410034179688
6.47747802734375
3.5841140747070312
8.522201538085938
5.652763366699219
2.7075119018554688
7.674552917480469
4.77203369140625
1.8983230590820312
6.825141906738281
3.9508132934570312
1.0265274047851562
5.974601745605469
3.08251953125
8.039642333984375
5.144020080566406
2.2727737426757812
7.239707946777344
4.343452453613281
1.4188766479492188
6.35430908203125
3.4665374755859375
8.4075927734375
5.522552490234375
2.6489944458007812
7.578712463378906
4.7072296142578125
1.7895355224609375
6.720085144042969
3.824554443359375
0.9284591674804688
5.881950378417969
3.0146484375
7.96112060546875
5.066352844238281
2.1444320678710938
7.094551086425781
4.186347961425781
1.3014984130859375
6.255043029785156
3.3574676513671875
8.310256958007812
5.41766357421875
2.5056610107421875
7.449516296386719
4.5623779296875
1.6633758544921875
6.6049652099609375
3.7257537841796875
0.8038253784179688
5.7596282958984375
2.8669204711914062
7.788360595703125
4.911041259765625
2.0332260131835938
6.957977294921875
4.062591552734375
1.17431640625
6.12103271484375
3.2093887329101562
8.1834716796875
5.266082763671875
2.3834304809570312
7.341163635253906
4.444305419921875
1.5285873413085938
6.476676940917969
3.598602294921875
8.543838500976562
5.65179443359375
2.7563323974609375
7.701446533203125
4.813041687011719
1.8897933959960938
6.8414306640625
3.9388275146484375
1.0462493896484375
6.006172180175781
3.1135101318359375
8.046012878417969
5.153533935546875
2.2611007690429688
7.209144592285156
4.3072357177734375
1.4195480346679688
6.3548583984375
3.481170654296875
8.419219970703125
5.5336151123046875
2.6066970825195312
7.526092529296875
4.676216125488281
1.764678955078125
6.716133117675781
3.8396224975585938
0.9235000610351562
5.856170654296875
3.00299072265625
7.960182189941406
5.057594299316406
2.1649246215820312
7.121330261230469
4.233673095703125
1.3165664672851562
6.26324462890625
3.3669891357421875
8.296852111816406
5.425895690917969
2.5340576171875
7.4630126953125
4.591423034667969
1.6682510375976562
6.44854736328125
3.7193603515625
0.8323211669921875
5.778846740722656
2.9009552001953125
7.836265563964844
4.948585510253906
2.020965576171875
6.96905517578125
4.085395812988281
1.18994140625
6.143501281738281
3.2488555908203125
8.184898376464844
5.313323974609375
2.3701705932617188
7.3448944091796875
4.435234069824219
1.5608596801757812
6.501739501953125
3.6104278564453125
8.553466796875
5.674812316894531
2.7876052856445312
7.7237548828125
4.8456878662109375
1.8393096923828125
6.89324951171875
4.009033203125
1.0807266235351562
6.035850524902344
3.1417007446289062
8.079238891601562
5.1871337890625
2.2952728271484375
7.2341766357421875
4.3521270751953125
1.45306396484375
6.321083068847656
3.4915313720703125
8.430519104003906
5.545494079589844
2.6521835327148438
7.6234130859375
4.6058502197265625
1.7931671142578125
6.7411956787109375
3.8702926635742188
0.9545364379882812
5.917839050292969
3.0048980712890625
7.9731903076171875
5.0869293212890625
2.17694091796875
7.11236572265625
4.2406768798828125
1.3276519775390625
6.3022918701171875
3.41107177734375
8.345664978027344
5.46783447265625
2.5328521728515625
7.492095947265625
4.593719482421875
1.7003936767578125
6.647705078125
3.7544174194335938
0.83380126953125
5.779075622558594
2.9031219482421875
7.827323913574219
4.941596984863281
2.0657958984375
7.002433776855469
4.126731872558594
1.1821975708007812
6.156333923339844
3.2650299072265625
8.211685180664062
5.310516357421875
2.417938232421875
7.3771209716796875
4.486724853515625
1.5491180419921875
6.4936981201171875
3.6213226318359375
8.570770263671875
5.666801452636719
2.6639480590820312
7.7347259521484375
4.841361999511719
1.9232025146484375
6.858680725097656
3.986297607421875
1.0944061279296875
6.0338897705078125
3.1490249633789062
8.095474243164062
5.184715270996094
2.2819442749023438
7.2271728515625
4.337921142578125
1.442535400390625
6.390350341796875
3.4991683959960938
8.454803466796875
5.556526184082031
2.6304397583007812
7.5778350830078125
4.6829681396484375
1.8191604614257812
6.754463195800781
3.8618698120117188
0.9493484497070312
5.90020751953125
3.01025390625
7.9561309814453125
5.066192626953125
2.1714935302734375
7.1130828857421875
4.215599060058594
1.301025390625
6.240608215332031
3.3626480102539062
8.312141418457031
5.458564758300781
2.552642822265625
7.501289367675781
4.612937927246094
1.7252197265625
6.6803436279296875
3.7750015258789062
0.8789138793945312
5.719444274902344
2.9285964965820312
7.899627685546875
5.006988525390625
2.0853729248046875
7.02020263671875
4.130958557128906
1.2377395629882812
6.192710876464844
3.3141098022460938
8.257049560546875
5.372123718261719
2.423370361328125
7.377769470214844
4.509574890136719
1.6177215576171875
6.560699462890625
3.6717071533203125
0.7491531372070312
5.6874847412109375
2.813720703125
7.751228332519531
4.8529052734375
1.9735946655273438
6.9116973876953125
4.0373077392578125
1.1172027587890625
6.063835144042969
3.1653900146484375
8.114067077636719
5.222740173339844
2.3139419555664062
7.2584075927734375
4.379173278808594
1.4640350341796875
6.4198150634765625
3.5312728881835938
8.477287292480469
5.5452423095703125
2.691986083984375
7.6202850341796875
4.751594543457031
1.831268310546875
6.768104553222656
3.87261962890625
0.9926528930664062
5.938507080078125
3.0592041015625
7.982574462890625
5.0956268310546875
2.1912384033203125
7.132301330566406
4.2458953857421875
1.3371734619140625
6.3096923828125
3.4099655151367188
8.352294921875
5.466667175292969
2.5566482543945312
7.4991302490234375
4.585273742675781
1.7186126708984375
6.6637725830078125
3.761993408203125
0.8476638793945312
5.803443908691406
2.891021728515625
7.8503265380859375
4.968780517578125
2.057220458984375
7.0215301513671875
4.1240692138671875
1.2176666259765625
6.1664581298828125
3.2540359497070312
8.202812194824219
5.332542419433594
2.4420852661132812
7.376716613769531
4.472908020019531
1.5645370483398438
6.511299133300781
3.5813674926757812
8.572288513183594
5.690162658691406
2.790496826171875
7.7405242919921875
4.676734924316406
1.9333953857421875
6.873779296875
3.9839096069335938
1.0885391235351562
6.037208557128906
3.1536865234375
8.085441589355469
5.207542419433594
2.2895050048828125
7.243217468261719
4.362983703613281
1.490753173828125
6.431648254394531
3.5397796630859375
8.470207214355469
5.600799560546875
2.6685409545898438
7.6349639892578125
4.7393798828125
1.8439483642578125
6.7946014404296875
3.88934326171875
0.9951553344726562
5.921516418457031
3.0520401000976562
7.98114013671875
5.088417053222656
2.2197113037109375
7.149299621582031
4.25457763671875
1.3507080078125
6.2973175048828125
3.4051589965820312
8.346893310546875
5.4520263671875
2.5587234497070312
7.5164642333984375
4.627357482910156
1.7054214477539062
6.64508056640625
3.7502212524414062
0.8793716430664062
5.8259429931640625
2.9136428833007812
7.882720947265625
4.975372314453125
2.0571212768554688
7.01220703125
4.108970642089844
1.2220306396484375
6.165802001953125
3.2942657470703125
8.225364685058594
5.343254089355469
2.4371185302734375
7.362007141113281
4.4636688232421875
1.58514404296875
6.524604797363281
3.64532470703125
8.580589294433594
5.697784423828125
2.7880325317382812
7.738899230957031
4.841941833496094
1.9557037353515625
6.893135070800781
3.9885025024414062
1.0875625610351562
6.0314788818359375
3.1568984985351562
8.102188110351562
5.203239440917969
2.30712890625
7.257850646972656
4.364540100097656
1.4470443725585938
6.388092041015625
3.5030364990234375
8.452545166015625
5.556343078613281
2.6623611450195312
7.6110992431640625
4.734611511230469
1.8033599853515625
6.755638122558594
3.8636627197265625
0.9704971313476562
5.927581787109375
3.016021728515625
7.974418640136719
5.101478576660156
2.1823654174804688
7.107261657714844
4.231422424316406
1.3366775512695312
6.278953552246094
3.3975830078125
8.34344482421875
5.4360504150390625
2.5358428955078125
7.478370666503906
4.576469421386719
1.6901779174804688
6.627555847167969
3.748260498046875
8.557167053222656
5.8291168212890625
2.9271621704101562
7.863365173339844
4.98321533203125
2.09344482421875
7.020973205566406
4.1367645263671875
1.2361679077148438
6.162513732910156
3.286590576171875
8.239692687988281
5.34344482421875
2.4549789428710938
7.393852233886719
4.505424499511719
1.58819580078125
6.522209167480469
3.652618408203125
8.580337524414062
5.691764831542969
2.8138885498046875
7.753425598144531
4.8699493408203125
1.9508056640625
6.892570495605469
3.9948959350585938
1.1177749633789062
